-3.257163326634138212e-01
-6.585933818602439649e-01
4.078842214112053943e-01
1.237621165880283369e+00
-1.595852358157473727e+00
-4.534497835672678945e-01
-9.928965209443393336e-01
-7.973476914516031133e-01
1.496261310935061539e+00
-6.728408155177876271e-01
8.728648056031795832e-01
3.400334060251890556e-01
-2.553248896655769262e-01
1.784785882123945122e-01
-4.163895281542870364e-01
-1.721464420593864231e-02
2.653949470630827534e-01
3.220249062462972600e-01
1.951455973851146330e+00
3.332407035934574213e-01
7.016711973607145936e-01
-7.378300641463637621e-01
-4.826845901256801574e-01
-6.509643071763522304e-01
-1.911836743364434543e+00
1.020641072655178228e+00
-1.681752766197565530e+00
8.349901110998049214e-01
-1.114418157029113676e-01
-1.105742313115512188e+00
-1.261779795824483852e+00
8.604432913658527360e-01
-8.643117638288257965e-01
9.550677012632838858e-01
-3.901653216570397098e-02
7.192523215450019602e-02
-1.908907234787776019e+00
7.801511514006690406e-01
-1.841927981489744237e+00
1.079142397959314881e+00
-8.375766929255035187e-01
9.395907882699543467e-01
9.323976882464555249e-01
7.335586086886243251e-01
-6.956261674143447982e-01
1.638808111335810613e+00
7.722181102000841291e-02
7.023620372310372950e-01
-1.934356071432083768e+00
1.902693832619653413e+00
1.054043006680718486e+00
-8.133849443999253692e-01
1.058964500195154645e+00
2.146745325883671618e-01
-5.185910365838124481e-01
-2.005473675387860755e-01
1.546334497174258971e+00
-1.226887383304670065e+00
4.448533653035725566e-01
-2.458931467367146961e+00
-9.066578781839851331e-01
-6.052925808079036019e-01
1.145409281642209898e+00
1.989907930196131158e-01
-1.069650762082867690e+00
1.162934348990655835e-02
-9.225406871879747728e-01
7.573012830820728958e-01
-4.285830404412257176e-03
1.168807028767056444e+00
-1.168181642325084146e+00
1.637118062339543823e+00
1.567644904454044141e-01
-7.253268313670123424e-02
1.451066374173294093e+00
-8.578946755048115491e-02
5.180883176338649809e-01
1.111962078246071073e+00
1.375905934456968793e-01
1.386584081496277321e+00
-4.544384496779581006e-01
-1.726654768400197881e-01
-1.296993912229979173e+00
-3.356096955414517718e-03
8.077326261717053812e-01
3.313211227161125261e-02
3.847351942602433850e-01
-1.221882132717209801e+00
-4.024504747944950694e-02
1.219417211384843824e+00
-1.979658441981230865e+00
-2.822717734097613881e-02
8.778687090808406923e-01
7.023222519177908796e-02
-9.725254063485400113e-01
3.559619996026014976e-01
-1.295772354960426531e+00
-9.210944979246459274e-01
-9.226390661482438693e-01
4.726375955438341658e-01
-1.812111498025251455e-01
1.314102252123033665e+00
1.536669404982497822e+00
-2.202690386902056208e+00
5.762208898236589327e-01
7.320632376495347371e-01
2.782473556378022850e-01
1.150281925156343199e+00
6.205628253826956930e-01
1.288386141907539861e-01
-1.732711620851661305e+00
-7.029205430001044252e-01
-5.693684512046614382e-02
-3.213815055756903960e-01
-1.265916694094411321e+00
1.586816300195583507e+00
-4.923793050708136221e-01
1.853649298690110081e+00
2.848047185332518993e-01
1.283951299548452774e+00
4.301418938566845540e-01
-4.056654497385108193e-01
-1.528508504676672430e+00
9.242572720277387743e-01
-6.654029096330891235e-01
9.141665990577724221e-01
4.378346946594535716e-01
-1.215752415265135278e-01
3.456499552856382440e-01
2.406103464850803064e+00
1.951962508857797429e-01
-1.992877472563138810e-02
1.120676763195187942e+00
-4.275915478933065006e-01
-1.129309090156274786e+00
1.804849096870097203e+00
3.266447800687798941e-01
-1.308056487069640728e+00
-1.182095114795545632e+00
-7.315170252112550564e-01
-7.693283267342020393e-01
-8.509792979941631641e-01
9.566498198834394451e-02
-7.001606465348308994e-01
-1.337580001772466609e+00
5.114660426396936410e-01
5.268385119409118023e-01
1.181217350051182863e-01
1.082575617018009861e+00
7.347559804218138924e-01
1.144524877151339881e+00
6.759599987385054298e-01
-1.759836649671005615e+00
-1.355499680065322510e+00
8.610991663185212086e-02
1.020120734251734662e+00
3.416094823108114520e-01
-4.315901973562665805e-01
2.537580425152189401e-01
2.273541334225893884e+00
-3.885842070319520114e-01
1.007883649589084163e+00
-1.439043413234985247e-01
-5.217543182817158814e-02
-1.871744198627928846e+00
9.862092030512223939e-01
-8.277291670641877541e-01
1.992806527023136764e+00
1.673643109737267543e-01
-3.286688258746345292e-01
-3.720064328456703096e-01
-6.583561811105292927e-01
-2.105682597626598263e+00
-9.060480075579369075e-01
1.315337792963727548e+00
9.274452225282806550e-01
-1.847395575014419422e-01
-1.179533168196514881e+00
-9.852065822978562162e-03
8.127493372383916004e-01
-3.359057218362769270e-01
-2.597308251987039407e-01
-5.362733954017280535e-02
6.244554933661617957e-01
7.825447944814313272e-01
1.094997689981083155e+00
-5.608627937403197761e-01
1.147087009570997296e-01
-2.176377536151298031e+00
6.002761688526809802e-01
-3.191406079281147168e-01
6.869603282008991396e-01
-1.704426911962705626e-01
1.364834365556548246e+00
7.868131193373306687e-01
-1.631315899420140436e+00
-1.570296302381986919e+00
-5.540071361756081503e-01
-9.289065765060766644e-01
-3.554240305119176213e-01
